0.995796
0.994700
0.992448
0.988185
0.984319
0.981248
0.981075
0.978708
0.987490
0.989460
0.991750
0.977823
0.963667
0.962971
0.957162
0.955294
0.961127
0.981615
0.983510
0.985252
0.986829
0.988221
0.987794
0.987127
0.985529
0.984933
0.985000
0.985998
0.993869
0.992627
0.990065
0.988785
0.993088
0.991352
0.988852
0.991015
0.993042
0.988017
0.985998
0.984646
0.991196
0.992042
0.993888
0.993390
0.993367
0.991329
0.993762
0.994285
0.994606
0.995110
0.995067
0.995135
0.993771
0.993317
0.993748
0.993067
0.993756
0.994606
0.991765
0.986862
0.988619
0.991485
0.991452
0.990781
0.991410
0.991125
0.991085
0.991335
0.991412
0.991344
0.991435
0.991877
0.992610
0.987054
0.990052
0.992610
0.990306
0.991194
0.993915
0.993621
0.991408
0.990183
0.990879
0.991383
0.991367
0.995104
0.994385
0.992692
0.989585
0.991825
0.990531
0.990925
0.991640
0.990840
0.989687
0.994204
0.988606
0.990133
0.990244
0.992177
0.990550
0.991665
0.991860
0.991350
0.992262
0.991583
0.991052
0.992956
0.991550
0.990867
0.990650
0.993388
0.991971
0.990446
0.989465
0.993094
0.990658
0.990802
0.991006
0.991171
0.991198
0.985804
0.989192
0.989390
0.989506
0.990965
0.991342
0.991687
0.990548
0.985431
0.989817
0.989596
0.990598
0.988344
0.987802
0.987065
0.988646
0.989290
0.992879
0.988306
0.985375
0.984346
0.987365
0.992146
0.992048
0.992119
0.991692
0.991575
0.992377
0.995546
