0.994627
0.992104
0.986508
0.977158
0.968331
0.961358
0.963523
0.956454
0.975902
0.979621
0.984823
0.947381
0.923590
0.924229
0.913281
0.911392
0.921442
0.962127
0.965765
0.969525
0.973021
0.976313
0.976112
0.972373
0.969338
0.968173
0.967348
0.969440
0.989515
0.988058
0.982315
0.979050
0.986706
0.985798
0.979602
0.979065
0.985696
0.975635
0.970527
0.969048
0.983460
0.985733
0.988740
0.988035
0.987335
0.982437
0.988908
0.989892
0.990567
0.990187
0.988275
0.986729
0.989956
0.988913
0.989723
0.988117
0.985619
0.986225
0.979277
0.971060
0.976313
0.982112
0.983296
0.980798
0.981929
0.980967
0.980871
0.981608
0.981700
0.981423
0.981771
0.983502
0.983637
0.958737
0.972448
0.984304
0.978406
0.980281
0.985983
0.985242
0.980260
0.979371
0.979742
0.982756
0.981706
0.992927
0.991231
0.987788
0.976506
0.983917
0.979569
0.980710
0.982944
0.982885
0.977306
0.987654
0.976313
0.981706
0.980813
0.986813
0.980290
0.983712
0.985000
0.983446
0.985713
0.983558
0.981979
0.986956
0.983356
0.982187
0.979477
0.984671
0.977644
0.980252
0.977667
0.980356
0.979804
0.982900
0.983835
0.984427
0.983715
0.962696
0.979306
0.979771
0.980313
0.983644
0.984002
0.983069
0.982138
0.967248
0.977908
0.981606
0.980458
0.976554
0.975952
0.967648
0.972931
0.973898
0.988463
0.972713
0.968006
0.968821
0.968925
0.978883
0.978540
0.978773
0.984121
0.983862
0.985040
0.992569
