0.995296
0.993717
0.990202
0.983892
0.978081
0.973427
0.974623
0.970140
0.982802
0.985583
0.988946
0.966121
0.948102
0.947950
0.940021
0.937621
0.945450
0.974215
0.976785
0.979179
0.981648
0.983915
0.983419
0.981606
0.979200
0.978377
0.978075
0.979675
0.992217
0.990742
0.986883
0.984869
0.990687
0.989075
0.985131
0.986737
0.990377
0.983296
0.980146
0.978642
0.988285
0.989767
0.992025
0.991331
0.991123
0.987952
0.991919
0.992654
0.993181
0.993483
0.992967
0.992490
0.992260
0.991590
0.992256
0.991133
0.990998
0.991867
0.987385
0.980848
0.984021
0.988075
0.988435
0.987110
0.988040
0.987435
0.987325
0.987781
0.987800
0.987737
0.987835
0.988792
0.989444
0.977231
0.983910
0.989508
0.985765
0.987090
0.991160
0.990627
0.987235
0.985967
0.986642
0.988000
0.987687
0.994238
0.993133
0.990654
0.984629
0.988644
0.986283
0.987037
0.988262
0.987658
0.984954
0.991894
0.983760
0.986748
0.986635
0.990098
0.986625
0.988619
0.989138
0.988275
0.989725
0.988542
0.987604
0.990688
0.988404
0.987519
0.986479
0.990312
0.986810
0.986533
0.984987
0.988765
0.986588
0.987660
0.988104
0.988440
0.988238
0.977417
0.985240
0.985615
0.985923
0.988067
0.988538
0.988504
0.987327
0.978496
0.985360
0.986317
0.986885
0.983654
0.983110
0.979971
0.982910
0.983644
0.991169
0.982438
0.978677
0.978225
0.980798
0.987683
0.987613
0.987750
0.988823
0.988640
0.989658
0.994388
