0.985335
0.973600
0.945412
0.908379
0.862085
0.832433
0.822792
0.795490
0.927881
0.933977
0.945600
0.784910
0.686154
0.706652
0.686354
0.677529
0.721329
0.833631
0.847771
0.862323
0.876042
0.886819
0.889198
0.862908
0.844319
0.843569
0.835233
0.837115
0.955390
0.961506
0.953475
0.940315
0.930027
0.960894
0.934346
0.888748
0.910302
0.893333
0.817835
0.843417
0.928733
0.936019
0.942556
0.941633
0.935750
0.917006
0.946121
0.947738
0.948194
0.933242
0.870794
0.836838
0.970312
0.968292
0.968206
0.965654
0.898619
0.889421
0.875663
0.888033
0.894498
0.903992
0.923648
0.910848
0.911971
0.910790
0.908400
0.908742
0.909990
0.906850
0.909304
0.918223
0.904433
0.730421
0.801154
0.917865
0.898423
0.901712
0.897310
0.898081
0.893519
0.915177
0.901119
0.951671
0.917713
0.979640
0.975725
0.968315
0.879810
0.915652
0.893758
0.904312
0.911775
0.941694
0.903440
0.918890
0.915542
0.937910
0.935175
0.955485
0.916827
0.916856
0.938140
0.926065
0.938213
0.919573
0.907765
0.938623
0.925723
0.914525
0.898590
0.882310
0.799206
0.908860
0.910240
0.815833
0.899713
0.939752
0.942263
0.943756
0.935277
0.757183
0.908169
0.912365
0.915637
0.945390
0.935452
0.908713
0.927840
0.862363
0.883644
0.940777
0.905392
0.908429
0.914354
0.815892
0.827452
0.834154
0.958679
0.847100
0.875385
0.899771
0.818315
0.814510
0.813123
0.812458
0.931248
0.933923
0.927323
0.973587
