0.993490
0.989760
0.981008
0.967110
0.954156
0.944031
0.946427
0.934485
0.966540
0.971390
0.978921
0.920377
0.888085
0.890185
0.876146
0.874771
0.888206
0.943317
0.949515
0.954981
0.960206
0.964965
0.965002
0.957662
0.953548
0.951513
0.949800
0.952544
0.985140
0.984517
0.976844
0.971702
0.980706
0.981590
0.972377
0.965650
0.977548
0.964181
0.954177
0.953958
0.976360
0.979810
0.983650
0.982648
0.981177
0.973919
0.984087
0.985415
0.986427
0.984331
0.979242
0.975571
0.986954
0.985627
0.986435
0.984267
0.976185
0.976550
0.966444
0.957290
0.965185
0.972852
0.976054
0.971810
0.972919
0.971521
0.971194
0.971904
0.972202
0.971762
0.972279
0.975250
0.974213
0.926852
0.952929
0.976448
0.967492
0.970433
0.977479
0.976258
0.969419
0.969821
0.969404
0.975913
0.972781
0.991115
0.988558
0.983990
0.963788
0.976221
0.968906
0.970752
0.974173
0.976190
0.966171
0.980765
0.966158
0.975008
0.972621
0.982252
0.971056
0.975775
0.978756
0.975902
0.979562
0.975742
0.973260
0.980971
0.975756
0.973456
0.968531
0.974104
0.960242
0.970692
0.967331
0.964644
0.969633
0.976552
0.977685
0.978408
0.976813
0.938615
0.970752
0.971048
0.972398
0.977244
0.977419
0.974171
0.973985
0.950631
0.965813
0.975458
0.970319
0.966652
0.965748
0.948090
0.956450
0.958654
0.984596
0.958000
0.953263
0.955754
0.949579
0.962802
0.962110
0.962460
0.977079
0.976919
0.977721
0.989902
