0.991377
0.985896
0.972381
0.952431
0.932810
0.915096
0.917171
0.901062
0.954498
0.960171
0.970025
0.880992
0.833990
0.839098
0.824085
0.819950
0.838862
0.913950
0.923202
0.931548
0.940454
0.947683
0.947044
0.934267
0.928565
0.925229
0.923004
0.925790
0.978181
0.979079
0.969833
0.962237
0.969931
0.975921
0.962010
0.944683
0.963935
0.945617
0.926250
0.929623
0.964969
0.969896
0.974846
0.973956
0.971337
0.960381
0.976219
0.977958
0.978731
0.972417
0.958771
0.949106
0.982708
0.981006
0.981656
0.979121
0.958569
0.958327
0.944429
0.937754
0.946683
0.956987
0.963919
0.957038
0.957358
0.956469
0.956008
0.956429
0.957025
0.955877
0.957065
0.961965
0.958552
0.874954
0.919102
0.963537
0.950710
0.953594
0.960148
0.960033
0.952158
0.955596
0.953546
0.967902
0.959327
0.988215
0.984763
0.979067
0.943500
0.963256
0.951315
0.954994
0.960275
0.966396
0.948973
0.967217
0.951485
0.964969
0.960906
0.975485
0.956356
0.961554
0.969025
0.964146
0.970046
0.962927
0.958452
0.971083
0.963675
0.959250
0.951433
0.954383
0.926456
0.955902
0.952023
0.935900
0.953412
0.967398
0.968771
0.969054
0.966060
0.897604
0.957094
0.957796
0.960275
0.968440
0.967062
0.959840
0.961771
0.926048
0.946781
0.967119
0.954333
0.952433
0.951110
0.915142
0.927881
0.930867
0.978083
0.932640
0.931648
0.937183
0.916848
0.932748
0.931898
0.932306
0.965998
0.965963
0.965829
0.985831
