0.989360
0.977769
0.948821
0.910746
0.862685
0.832117
0.821140
0.796910
0.931660
0.938456
0.949827
0.784467
0.681677
0.705683
0.685046
0.676896
0.722140
0.834315
0.850542
0.864817
0.877775
0.889408
0.889700
0.862825
0.844669
0.843506
0.835279
0.838798
0.959669
0.965458
0.957552
0.943627
0.930610
0.964242
0.937310
0.890704
0.910065
0.896094
0.813206
0.842931
0.931385
0.938577
0.945898
0.943727
0.937535
0.919538
0.948921
0.949729
0.950123
0.936229
0.874629
0.838369
0.974400
0.972454
0.972571
0.970252
0.901744
0.889167
0.877567
0.889654
0.895546
0.905771
0.925802
0.912192
0.913542
0.911769
0.909477
0.909296
0.910075
0.907917
0.910565
0.919798
0.905663
0.726221
0.798231
0.919956
0.900327
0.903423
0.897313
0.897050
0.895152
0.917248
0.902137
0.955571
0.919592
0.984198
0.980352
0.972773
0.881762
0.919483
0.897088
0.905998
0.913548
0.945575
0.905731
0.918269
0.918398
0.941221
0.939090
0.958887
0.918431
0.917346
0.941506
0.928571
0.941708
0.922535
0.909971
0.942346
0.928969
0.917615
0.900898
0.882510
0.794000
0.910235
0.913333
0.814312
0.902271
0.943519
0.946004
0.947817
0.938550
0.755733
0.909471
0.913737
0.918119
0.949252
0.939173
0.911000
0.931417
0.864592
0.885733
0.944308
0.908215
0.911440
0.915648
0.814135
0.825825
0.835237
0.962717
0.848762
0.877442
0.903194
0.820052
0.815358
0.813769
0.813833
0.935148
0.936881
0.930283
0.976196
