0.998898
0.996946
0.991256
0.981510
0.972446
0.965415
0.967650
0.960367
0.980342
0.984240
0.989406
0.950979
0.926708
0.927548
0.916835
0.914810
0.924327
0.965621
0.969956
0.973917
0.977565
0.980592
0.980506
0.976502
0.973690
0.972469
0.971619
0.973737
0.994321
0.992833
0.987004
0.983558
0.991319
0.990523
0.984171
0.983365
0.990340
0.980021
0.974590
0.973204
0.988090
0.990463
0.993369
0.992638
0.991985
0.987125
0.993702
0.994748
0.995375
0.994958
0.992967
0.991313
0.994765
0.993769
0.994533
0.992879
0.990210
0.990740
0.983698
0.975352
0.980590
0.986606
0.987900
0.985356
0.986369
0.985560
0.985465
0.986069
0.986188
0.985856
0.986152
0.988012
0.988108
0.961827
0.976525
0.988810
0.982727
0.984554
0.990373
0.989754
0.984731
0.983898
0.984188
0.987363
0.986271
0.997825
0.996029
0.992548
0.980894
0.988390
0.983969
0.985165
0.987265
0.987433
0.981727
0.992321
0.980713
0.986390
0.985408
0.991621
0.984742
0.988054
0.989558
0.987979
0.990402
0.988175
0.986517
0.991579
0.987942
0.986427
0.983929
0.989004
0.981721
0.984823
0.982227
0.984604
0.984271
0.987577
0.988442
0.988913
0.988198
0.966575
0.983817
0.984279
0.984867
0.988233
0.988706
0.987665
0.986704
0.971506
0.982281
0.986160
0.985052
0.981021
0.980454
0.971769
0.977073
0.978058
0.993267
0.977069
0.972327
0.973129
0.973215
0.983458
0.983144
0.983279
0.988769
0.988552
0.989600
0.995500
