0.999817
0.999588
0.997319
0.993031
0.989135
0.985967
0.985892
0.983494
0.992363
0.994331
0.996625
0.982510
0.968196
0.967473
0.961627
0.959804
0.965583
0.986444
0.988308
0.990092
0.991667
0.993052
0.992640
0.991973
0.990327
0.989733
0.989821
0.990860
0.998746
0.997537
0.994940
0.993675
0.997977
0.996269
0.993725
0.995894
0.997950
0.992873
0.990812
0.989438
0.996119
0.996965
0.998829
0.998327
0.998277
0.996238
0.998715
0.999215
0.999492
0.999671
0.999756
0.999825
0.998702
0.998229
0.998679
0.997981
0.998665
0.999488
0.996629
0.991665
0.993465
0.996390
0.996367
0.995665
0.996290
0.996029
0.995992
0.996258
0.996331
0.996225
0.996335
0.996783
0.997513
0.991829
0.994933
0.997506
0.995171
0.996056
0.998790
0.998537
0.996317
0.995060
0.995750
0.996275
0.996250
0.999833
0.999248
0.997615
0.994433
0.996704
0.995404
0.995808
0.996517
0.995706
0.994537
0.999108
0.993469
0.994992
0.995112
0.997110
0.995442
0.996600
0.996775
0.996235
0.997171
0.996485
0.995967
0.997881
0.996444
0.995742
0.995546
0.998275
0.996883
0.995331
0.994333
0.997931
0.995517
0.995685
0.995908
0.996104
0.996085
0.990575
0.994060
0.994231
0.994385
0.995869
0.996258
0.996569
0.995417
0.990246
0.994677
0.994506
0.995504
0.993194
0.992673
0.991869
0.993523
0.994135
0.997804
0.993131
0.990156
0.989154
0.992240
0.997108
0.997000
0.997075
0.996610
0.996483
0.997271
0.998529
