0.995625
0.990598
0.976600
0.956569
0.935527
0.917706
0.919402
0.902606
0.958456
0.964121
0.974410
0.882535
0.832810
0.840512
0.824100
0.819827
0.840348
0.917390
0.925965
0.934531
0.942883
0.950727
0.951240
0.937225
0.931396
0.928792
0.926169
0.928988
0.983019
0.983758
0.974313
0.966396
0.973538
0.980196
0.966067
0.947506
0.967485
0.949017
0.927829
0.932006
0.968983
0.974117
0.978806
0.978162
0.975006
0.964075
0.980562
0.982283
0.983265
0.976608
0.962629
0.952452
0.987398
0.985635
0.986260
0.983806
0.962544
0.961767
0.948423
0.941250
0.950071
0.960667
0.968183
0.960535
0.960771
0.959908
0.959610
0.960783
0.961390
0.960196
0.961194
0.966298
0.962598
0.877252
0.921733
0.967060
0.953654
0.957088
0.963550
0.962910
0.955290
0.959248
0.956610
0.972179
0.963294
0.993019
0.989467
0.983637
0.946944
0.966925
0.954940
0.959275
0.964079
0.970638
0.952621
0.971610
0.955210
0.969285
0.964942
0.980000
0.960363
0.965635
0.973263
0.968073
0.974304
0.966810
0.962165
0.975367
0.967923
0.963377
0.955058
0.957681
0.928138
0.959627
0.955438
0.937592
0.956723
0.971573
0.973187
0.973560
0.970140
0.898617
0.961019
0.961615
0.964148
0.972400
0.971198
0.963556
0.965623
0.929246
0.949996
0.971231
0.957954
0.956360
0.955529
0.918098
0.930335
0.934408
0.982621
0.935756
0.935700
0.941158
0.920371
0.937333
0.936346
0.936942
0.970296
0.970010
0.969944
0.988642
