0.999500
0.998590
0.995058
0.988625
0.982646
0.978029
0.979156
0.974752
0.987577
0.990356
0.993810
0.970431
0.951946
0.951963
0.943935
0.941865
0.949590
0.978646
0.981492
0.983977
0.986312
0.988546
0.988117
0.986350
0.983940
0.983113
0.982731
0.984321
0.997092
0.995629
0.991700
0.989621
0.995483
0.993938
0.989894
0.991521
0.995265
0.988052
0.984858
0.983281
0.993050
0.994573
0.996952
0.996248
0.995981
0.992769
0.996783
0.997569
0.998050
0.998369
0.997738
0.997319
0.997169
0.996435
0.997137
0.996031
0.995846
0.996679
0.992183
0.985506
0.988723
0.992783
0.993133
0.991873
0.992798
0.992235
0.992167
0.992596
0.992617
0.992504
0.992667
0.993600
0.994273
0.981733
0.988613
0.994335
0.990513
0.991827
0.995998
0.995483
0.992017
0.990731
0.991435
0.992777
0.992458
0.999173
0.998040
0.995521
0.989369
0.993490
0.991058
0.991844
0.993004
0.992460
0.989629
0.996823
0.988431
0.991546
0.991394
0.994988
0.991446
0.993508
0.993983
0.993108
0.994548
0.993348
0.992360
0.995594
0.993244
0.992271
0.991204
0.995056
0.991577
0.991331
0.989771
0.993585
0.991335
0.992515
0.992971
0.993279
0.993035
0.981877
0.990000
0.990417
0.990667
0.992890
0.993375
0.993342
0.992144
0.983112
0.990123
0.991065
0.991621
0.988431
0.987906
0.984633
0.987521
0.988377
0.996033
0.987125
0.983310
0.982865
0.985369
0.992331
0.992198
0.992323
0.993613
0.993448
0.994477
0.997358
