0.997750
0.994488
0.985477
0.971394
0.958102
0.947123
0.949652
0.937992
0.970754
0.975819
0.983394
0.922727
0.890233
0.891700
0.878221
0.876850
0.889121
0.945933
0.952304
0.959054
0.964413
0.969260
0.968910
0.961552
0.956823
0.955463
0.953877
0.956644
0.989869
0.989115
0.981312
0.976148
0.985138
0.986206
0.976642
0.969815
0.981965
0.968083
0.957577
0.957756
0.980815
0.984412
0.988329
0.987269
0.985617
0.978217
0.988523
0.990002
0.990802
0.988625
0.983092
0.978673
0.991650
0.990302
0.991158
0.988960
0.980325
0.980992
0.970244
0.961185
0.968735
0.976812
0.980098
0.975781
0.976627
0.975690
0.975671
0.976444
0.976748
0.976071
0.976698
0.979706
0.978758
0.929694
0.957048
0.981000
0.971590
0.974327
0.981440
0.980710
0.973781
0.974092
0.973588
0.980433
0.977229
0.996004
0.993321
0.988690
0.967733
0.980473
0.972821
0.975075
0.978577
0.980571
0.970063
0.985031
0.970140
0.979377
0.976894
0.986931
0.975202
0.979973
0.983250
0.980446
0.984221
0.980129
0.977363
0.985515
0.980206
0.977633
0.972646
0.978173
0.964004
0.974877
0.971685
0.968690
0.973627
0.981071
0.982269
0.982781
0.981194
0.941458
0.974942
0.975390
0.976819
0.981767
0.981875
0.978721
0.978585
0.954285
0.970013
0.980017
0.974519
0.970956
0.969996
0.951321
0.960144
0.962008
0.989227
0.961581
0.957179
0.959854
0.953465
0.967506
0.966885
0.967150
0.981617
0.981275
0.982331
0.992798
