829945
790935
972585
1075841
1313032
1209981
831533
720483
293404
258735
337821
772933
1325251
1104882
1005194
945990
754335
363102
360043
351293
333763
338005
415335
603958
767227
606250
653958
792885
340068
269561
433016
520375
580686
686783
586148
514670
710042
886673
1354544
1361766
491384
374403
276196
392023
439270
655007
289801
416959
446215
594352
1026483
1085455
496969
533098
526156
547069
998157
986820
1170113
1317705
834393
670406
504580
754161
528589
583422
594908
697510
631861
752529
652542
802283
497310
1020635
1053333
690821
905955
586446
500906
640532
829869
779457
757247
492922
821435
203105
356477
628634
1117616
800537
1027160
981006
787733
1117973
666704
348797
1250930
872857
674349
444481
633905
409659
442936
652316
825407
1051330
1094501
491764
540090
599971
441399
662749
1351446
1153105
766977
688722
707669
400292
344617
353062
464609
1613600
1036781
895747
778800
483546
734073
727594
489076
951983
963741
509484
450728
612772
514234
1406417
1356600
901560
508299
1020367
921959
756881
814133
675866
728260
672142
845438
621464
471724
347884
