1344696
1149405
1404752
1570054
1977003
1777077
1175297
1041704
434602
379748
482007
1319465
2160891
1746246
1563540
1459871
1109912
492877
491046
483877
461004
462185
586288
856624
1106360
885621
960918
1150126
484462
409239
703633
827266
843456
1060224
918535
746896
1007133
1369655
2012219
2037906
740103
552915
394089
574762
656819
989067
427045
620776
656821
866806
1437030
1458113
825292
889570
860150
887267
1482679
1417613
1741650
2209780
1319211
999019
803809
1136010
778465
872668
893871
1040432
950902
1111262
977010
1187584
736309
1479774
1507476
1027921
1383475
894249
718726
940826
1274236
1245076
1162970
788103
1269277
324835
587871
1040620
1700149
1286167
1537080
1451345
1160956
1716767
1045566
500469
1927216
1345071
1053761
685412
967216
629771
678279
978042
1230169
1543359
1566545
742444
838538
929027
695515
967779
1951746
1704598
1205924
953565
1065672
639384
563777
585386
726733
2607135
1589378
1365808
1179800
758126
1089071
1033611
753931
1500576
1384275
804880
662320
961426
844375
2059802
1966499
1306403
748581
1527208
1415863
1268298
1220845
936668
1010796
928161
1217031
901517
686425
541333
