73103
92815
112324
117169
135603
134477
105727
85772
41771
37527
55229
46975
88628
87272
86535
81752
65620
60862
60095
57696
54595
53707
61115
76610
100739
73715
78866
100805
52683
40536
47639
53173
79004
86921
72683
47283
68285
91974
118270
117432
59816
53477
39997
52548
52543
72715
41735
54980
60312
56970
92966
103510
60878
66757
67268
66974
115462
111110
111557
97053
85968
84657
52940
81083
58810
63278
65153
77442
69283
86854
73156
101826
54997
67244
69513
84542
93215
63602
57795
70293
81605
76345
78150
49978
85933
33258
41057
61474
116161
74893
116267
114988
95264
133358
66720
40359
122662
101607
65179
51497
68057
44279
51768
74989
106027
135108
139222
58592
55214
66161
42899
49093
101708
124483
62883
62468
69024
40844
36388
35408
56509
128717
115434
98712
97508
55231
86416
82425
49072
72692
92638
57770
54330
58035
44018
128045
133887
88173
73383
94696
81037
45818
59401
62124
66359
61272
101729
91094
62393
45893
