199062
218853
270147
296661
353966
344503
248597
203857
84755
74792
110059
138917
276677
250300
239744
223924
180748
127858
125389
119934
115198
115139
134969
183356
232792
173374
186522
236241
112696
81176
99963
119812
172667
182927
152896
124342
197276
226936
342260
332415
137947
113879
85439
117547
123190
177604
88977
124649
137610
153869
300423
335514
127580
139665
139691
140229
272300
277261
293857
255146
206125
195042
125085
195403
137378
149230
154544
189304
168382
209272
174795
229595
133433
232341
243698
194773
228598
151863
142062
174978
208220
185063
191632
112746
208461
62062
85947
138367
292198
187698
282821
277075
225373
303627
164091
100309
307540
231329
158629
115756
163076
111703
118960
179228
241349
311211
335225
135956
137864
162289
105938
160675
342112
315896
168242
187514
179966
94637
83052
82753
122467
375831
274521
233485
219379
120571
201266
206551
118445
208056
252364
129279
125234
146797
111860
362011
366675
241930
156143
262167
221681
137220
191669
191850
206367
191451
247931
194638
138514
97788
