346578
343056
422849
460190
558367
542661
388523
321847
128677
113334
162032
247096
484095
420457
392397
377562
300888
183543
181454
177459
169105
168254
198077
278412
351891
270103
290838
362205
165894
119018
160959
197023
263427
283837
235871
209703
317917
359380
564728
556529
212765
170301
128628
176473
190077
279479
131908
187621
204273
256113
482961
531497
195108
213554
212821
216635
427759
440810
476699
440883
327225
295904
196426
310489
219151
239174
247872
297190
264647
325852
274651
353118
211081
404024
432471
302071
368764
243420
227249
282112
340645
303587
308096
187002
334190
91333
137392
229977
463749
309329
442584
428223
347892
471354
263629
157389
500524
359380
262976
182674
261501
178392
188904
280924
365972
475537
506560
211672
219995
254815
173812
274320
588823
502401
286957
309789
291590
153066
131587
133613
191616
624322
433089
366595
334900
191860
313923
324224
193592
352429
415039
202890
194890
235990
185654
592430
592010
391217
232269
425192
361231
247978
328121
311803
334491
310651
385043
289858
213188
147540
