546458
523036
643142
706361
849652
804361
570306
486809
192486
170878
231638
431887
795752
680691
628957
597690
483720
260682
259131
250925
237997
236558
285498
407731
523248
405255
440133
539377
240650
176242
259228
317579
385192
434308
365543
332784
481403
561965
880222
877904
320632
249689
184306
259550
287948
433200
197190
280372
301451
394671
718304
779667
305458
330380
325891
334757
650564
654813
747270
751745
514688
443633
312757
482253
338145
371186
379773
451512
406265
491049
419648
525620
320279
647799
679834
451449
575597
373199
333519
421172
530069
484222
482007
301817
521702
132213
218551
376371
724016
495823
675460
649799
523776
719980
418398
233097
788753
554527
419973
282068
403502
267023
286414
427078
547504
705677
745975
320297
342071
388659
277298
437717
906529
762495
468415
466396
453963
243150
208486
212419
295028
994212
666942
567426
504991
302222
478520
486361
305696
584156
636546
317564
298248
376632
305562
918981
901581
592713
340899
656521
578840
433835
523696
468131
503198
465858
571078
420680
314395
224179
