205851
223115
277397
300737
365476
352328
256710
209878
86370
76494
112704
144323
288609
256420
248863
232052
185196
129946
128175
122879
118634
118555
135957
186589
237493
176335
190366
241154
114996
82792
102830
123382
178639
188650
156934
130253
203524
233075
356401
342750
139901
116171
87677
119811
127290
183203
91255
127267
139353
157098
305218
343079
129709
142047
143863
143307
277039
285055
299009
262780
212274
200300
127349
202114
142034
154681
158953
192055
170297
211782
177524
235031
135854
235092
252580
201341
237008
156913
146498
181816
215675
191296
198368
117306
213653
63018
87934
142406
300746
194566
288850
282065
229635
310549
167099
102097
315674
236007
164000
119267
166545
114397
122446
183491
247129
319657
342841
138976
141235
164781
107720
166315
354366
323276
173939
195540
186639
97592
84688
84319
126065
390262
282394
239074
224432
124056
207337
213009
122317
213179
260773
133795
128358
149232
113527
371047
377397
246174
159551
268651
225546
140014
194589
191969
207552
191694
253141
200207
142050
100520
