846414
805393
980399
1084534
1334625
1225512
839629
725553
297040
261982
342183
787175
1353247
1124432
1024042
958136
764861
367712
363024
352799
339079
342642
420438
609651
774071
609563
661212
803255
346374
272527
439943
531415
591002
698822
595787
519059
715186
896987
1369501
1381975
499419
382243
278213
395661
444991
660707
292536
420464
453849
603374
1045110
1099918
505948
544074
535036
551705
1009842
999860
1183507
1343603
850161
684205
518965
766060
536094
588537
599681
704395
638155
763695
660349
811527
502013
1032126
1060964
700199
917170
595495
507447
645230
841524
793955
768784
502372
834121
205363
361623
638589
1133869
812370
1040066
991146
799758
1133909
676352
350673
1272346
881855
686004
450602
639767
413904
450477
661221
837147
1064008
1107938
496924
545978
610998
451936
671982
1366558
1172690
777235
693971
718826
405718
348046
358496
473250
1644889
1052286
906164
790065
492793
743869
734710
495306
967615
974048
519389
458904
619582
520117
1421325
1377396
908916
514318
1031310
932061
771131
828420
685572
741298
685107
858132
630899
478843
352829
