556108
534763
657319
723983
870876
819711
581207
495533
197562
174900
236544
444554
814504
700645
642465
606675
497125
267916
262350
254207
239830
240639
290968
417340
531197
413394
447547
547575
245623
179776
265405
324131
394357
447358
375564
342960
492397
574553
903217
899844
326913
253671
189837
267297
294354
438007
200110
284156
307293
400572
728247
790882
311472
337369
332760
342526
661459
668447
762890
773203
527125
453605
320244
492463
346643
377644
386525
462958
415729
503513
430793
538598
328173
671740
694007
462743
590111
384022
343855
430817
541983
493924
491917
310449
532049
134305
224952
387510
738795
510414
692374
665155
538061
739867
426843
238553
811068
565965
428455
286916
413044
275726
297436
437983
558257
719436
760267
327142
350537
399647
286408
448198
929867
779642
478626
477058
463852
248386
213642
220548
303978
1021308
683814
582434
517515
310367
488848
496613
313167
594967
651965
326016
302840
385037
311712
937763
920327
607137
346890
670173
588471
441953
531568
473506
508705
471130
580722
428479
320882
227947
