1357681
1154406
1418196
1583596
1990522
1798837
1182873
1049016
437032
384666
486841
1334761
2182622
1762823
1578354
1475132
1120969
494878
494576
487417
464796
466686
591436
861816
1118257
894102
968111
1157744
486425
412811
714676
836878
854846
1070854
926916
751796
1016228
1382550
2028917
2055416
746607
557519
396955
579553
664632
995407
430507
627728
664461
876504
1447368
1467027
835399
898667
870976
896199
1497108
1427118
1758808
2233968
1332781
1005408
810302
1146669
787547
879609
899423
1045341
957391
1121730
987028
1197462
740898
1489753
1513495
1035303
1396799
905307
727889
950313
1280884
1255864
1179789
799859
1281698
327022
597010
1055542
1717299
1302250
1550709
1461660
1175423
1730342
1057119
505094
1949172
1367331
1068838
694424
976530
633276
682015
990215
1243615
1560479
1587554
749216
846384
939296
703622
974914
1959499
1720152
1221180
965049
1077441
648473
572859
588918
735678
2636320
1602311
1383818
1191420
766016
1098868
1044895
764623
1516775
1392753
813913
667842
973953
851506
2078046
1980398
1320336
757038
1545161
1429188
1286392
1228342
937851
1012493
928939
1223022
907717
694893
547840
