75505
96228
115949
121170
140353
141020
109787
87276
42754
38090
56036
49780
94093
90666
89109
84290
67941
62572
61004
58307
56014
55334
62902
79915
104032
75690
81439
103072
52913
41224
48744
54952
83539
89690
74375
49100
72518
95345
124874
122262
61586
55036
41102
54850
54944
75343
42491
57010
62911
59008
93928
105901
62825
68541
68282
68070
118442
116004
115183
101348
90015
88108
55019
84604
61784
66077
67977
81027
72872
90586
75922
105531
57172
72153
74479
86708
96336
65238
61152
73392
84342
78609
81265
51961
88913
33611
40975
62063
119353
75948
118940
119046
98263
137462
70240
43576
127395
103866
67406
52957
71221
46973
52996
77600
108698
138820
143665
59184
56705
68008
44797
50978
109252
130528
64752
65161
70998
42064
37185
36370
58185
132863
120323
101390
100223
55926
88638
84812
50372
75323
95908
59643
55644
59529
45845
134455
138388
90711
75571
97128
83829
47071
61222
62696
68212
63182
104109
93588
63733
47185
