355537
353114
432961
470775
569963
560836
398422
327955
131325
116041
164055
253837
498646
435626
402881
386287
313820
189677
186724
179612
171313
170061
202547
283407
362471
275184
294979
368359
168241
121916
165162
202179
269422
290277
241643
213360
323813
369419
582611
571675
217221
173457
130501
179468
194276
286228
135364
192442
210947
264389
498054
554686
201392
217927
218621
222737
439179
446815
490824
453939
338507
305771
203792
320372
228125
245054
251068
300929
267792
331910
279437
357379
213760
411795
435193
308530
379085
252500
234657
287145
346466
310404
314709
192756
339886
92726
141073
235766
476668
319662
455796
435740
353835
483731
273643
161885
517412
369191
269423
186898
269166
182962
193301
285951
373087
484849
519632
215974
224992
262211
179075
281690
601034
514696
293851
314877
299547
156449
134858
137451
196102
639984
444205
375036
340942
196131
322781
329846
197435
362286
422195
207738
198654
241608
190364
610116
605593
403089
239174
438763
369740
253669
332349
313094
335920
311588
389623
295722
216833
151547
